%make_health_data
x=1:1:200;
%%
    FAN_flow_loss=(0.0235*x + 0.5778)*-0.01;
    FAN_effi_loss=(0.0179*x + 0.4374)*-0.01;
    
%%
    LPC_flow_loss=(0.0044*x + 0.9388)*-0.01;
    LPC_effi_loss=(0.0028*x + 0.6704)*-0.01;
    
%%
    HPC_flow_loss=-0.9164*exp(0.0115*x)*0.01;
    HPC_effi_loss=-0.9*exp(0.0089*x)*0.01;
    
%%
    HPT_flow_increase=(0.0000007*x.^3-0.0002306 *x.^2+0.0267399 *x+0.1637535)*0.01;
    HPT_effi_loss=(0.0000010*x.^3- 0.0003094*x.^2+ 0.0316529 *x+0.7127790)*-0.01;